[7]
50 46 53 54 34 37 31 35 30 30 36 30 30 30 20 20 32 34 31 31 35 39 7E C6

[8]
50 53 45 50 34 37 31 35 30 30 36 30 30 30 20 20 33 36 63 74 C7 AA DB C9 83 00 6E 0B 47 A7 FA 60 EE 77 AA AA

[9]
50 54 49 4D 34 37 31 35 30 30 36 30 30 30 20 20 33 32 32 36 30 39 31 37 31 32 35 35 34 34 51 51

[10]
50 55 50 47 34 37 31 35 30 30 36 30 30 30 20 31 36 34 D7 3A 92 2D 75 ED 16 8C E4 99 69 C1 5B 5C B8 B2 BA 36 95 22 98 FF C1 29 76 59 D0 AA 99 F3 03 A3 BC 11 BF 27 AA 23 37 92 58 85 9C 3C A4 33 5A CD A9 B5 2C 35 DB 5D A2 7C 3B C2 32 42 26 F5 44 03 3B C6 C6 35 6E 37 48 4F CD 78 F1 78 A2 B6 06 E1 94 64 03 6F 0A CC 00 3F B3 C4 BD A9 A6 4F 0D C9 D3 27 95 FF 8E 92 8E AF C2 E7 24 73 AE C0 AF A7 FC B8 B7 74 02 F1 A0 F0 ED E2 49 8A C6 55 31 37 CD 93 B3 C7 70 1F B0 A0 82 6E 93 B4 29 31 7F C8 AA AA

[11]
50 56 45 52 34 37 31 35 30 30 36 30 30 30 20 20 32 30 51 51

[12]
50 53 45 54 34 37 31 35 30 30 36 30 30 30 20 20 33 32 32 36 30 39 31 35 31 33 34 33 34 35 71 71

[13]
50 46 43 43 34 37 31 35 30 30 36 30 30 30 20 20 33 30 50 30 33 30 33 50 30 34 30 34 51 51
[14]
50 41 53 54 34 37 31 35 30 30 36 30 30 30 20 20 39 34 20 33 45 31 31 31 31 41 20 20 31 2E 30 30 20 39 39 2E 39 39 20 35 30 2E 30 30 45 31 32 32 32 41 20 20 31 2E 30 30 20 39 39 2E 39 39 20 35 30 2E 30 30 45 31 33 33 33 41 20 20 31 2E 30 30 20 39 39 2E 39 39 20 35 30 2E 30 30 51 51
[15]
50 46 43 52 34 37 31 35 30 30 36 30 30 30 20 20 32 30 51 51

[16]

[17]
50 52 53 49 34 37 31 35 30 30 36 30 30 30 20 20 33 36 CC F0 3D 08 A0 E3 A9 23 48 C2 F0 22 11 1A 6B CA AA AA

[18]
50 44 41 54 34 37 31 35 30 30 36 30 30 30 20 20 32 31 30 51 51

[19]
50 4F 44 54 34 37 31 35 30 30 36 30 30 30 20 20 32 36 31 37 30 31 38 30 51 51

[20]
50 43 4E 32 34 37 31 35 30 30 36 30 30 30 20 20 32 30 51 51